SBE37SM-RS232_03710963_2026_03_21.cnv
* Sea-Bird SBE37SM-RS232  Data File:
* FileName = C:\Users\Marcos\Documents\Ekman2026\Seabird\SBE37SM-RS232_03710963_2026_03_21.hex
* Software version SeatermV2 2.4.1
* Temperature SN = 10963
* Conductivity SN = 10963
* System UpLoad Time = Mar 21 2026 13:43:05
* sample interval = 1200 seconds
* <ApplicationData>
** UNIS station
** Lat
** Long
** Echo depth
** Bottle nr
** Time (UTC, hh:mm)
** Date (DD.MM)
# nquan = 8
# nvalues = 219                                   
# units = specified
# name 0 = timeS: Time, Elapsed [seconds]
# name 1 = tv290C: Temperature [ITS-90, deg C]
# name 2 = sal00: Salinity, Practical [PSU]
# name 3 = prM: Pressure [db]
# name 4 = sigma-é00: Density [sigma-theta, kg/m^3]
# name 5 = density00: Density [density, kg/m^3]
# name 6 = depSM: Depth [salt water, m], lat = 79.00
# name 7 = flag:  0.000e+00
# span 0 =      0.000, 261600.000                 
# span 1 =    -4.0768,     8.4412                 
# span 2 =    -0.0053,    34.9048                 
# span 3 =      0.000,      0.000                 
# span 4 =    -0.5928,    28.0985                 
# span 5 =   999.4072,  1028.0985                 
# span 6 =      0.000,      0.000                 
# span 7 = 0.0000e+00, 0.0000e+00                 
# interval = seconds: 1200
# start_time = Mar 18 2026 13:00:01 [Instrument's time stamp, first data scan]
# bad_flag = -9.990e-29
*END*
[from data line 180]
 216000.000    -1.5521    34.7295      0.000    27.9538  1027.9538      0.000  0.000e+00
 217200.000    -1.5455    34.7271      0.000    27.9517  1027.9517      0.000  0.000e+00
 218400.000    -1.5319    34.7220      0.000    27.9471  1027.9471      0.000  0.000e+00
 219600.000    -1.5789    34.7242      0.000    27.9504  1027.9504      0.000  0.000e+00
 220800.000    -1.5728    34.7204      0.000    27.9471  1027.9471      0.000  0.000e+00
 222000.000    -1.5646    34.7186      0.000    27.9454  1027.9454      0.000  0.000e+00
 223200.000    -1.5617    34.7170      0.000    27.9440  1027.9440      0.000  0.000e+00
 224400.000    -1.5665    34.7172      0.000    27.9443  1027.9443      0.000  0.000e+00
 225600.000    -1.5417    34.7111      0.000    27.9385  1027.9385      0.000  0.000e+00
 226800.000    -1.5597    34.7152      0.000    27.9425  1027.9425      0.000  0.000e+00
 228000.000    -1.5493    34.7108      0.000    27.9385  1027.9385      0.000  0.000e+00
 229200.000    -1.5521    34.7098      0.000    27.9378  1027.9378      0.000  0.000e+00
 230400.000    -1.5097    34.7021      0.000    27.9303  1027.9303      0.000  0.000e+00
 231600.000    -1.5088    34.6973      0.000    27.9263  1027.9263      0.000  0.000e+00
 232800.000    -1.5356    34.7029      0.000    27.9317  1027.9317      0.000  0.000e+00
 234000.000    -1.5389    34.6895      0.000    27.9209  1027.9209      0.000  0.000e+00
 235200.000    -1.5770    34.6925      0.000    27.9246  1027.9246      0.000  0.000e+00
 236400.000    -1.5766    34.6941      0.000    27.9259  1027.9259      0.000  0.000e+00
 237600.000    -1.5642    34.7040      0.000    27.9335  1027.9335      0.000  0.000e+00
 238800.000    -1.5605    34.7023      0.000    27.9320  1027.9320      0.000  0.000e+00
 240000.000    -1.5574    34.7063      0.000    27.9351  1027.9351      0.000  0.000e+00
 241200.000    -1.5549    34.7044      0.000    27.9336  1027.9336      0.000  0.000e+00
 242400.000    -2.2151    -0.0038      0.000    -0.3537   999.6463      0.000  0.000e+00
 243600.000    -4.0768    -0.0035      0.000    -0.5928   999.4072      0.000  0.000e+00
 244800.000    -3.7461    -0.0053      0.000    -0.5452   999.4548      0.000  0.000e+00
 246000.000     6.1999     0.0028      0.000    -0.0613   999.9387      0.000  0.000e+00
 247200.000     8.4412     0.0042      0.000    -0.1739   999.8261      0.000  0.000e+00
 248400.000     7.8493     0.0039      0.000    -0.1372   999.8628      0.000  0.000e+00
 249600.000     6.7900     0.0032      0.000    -0.0839   999.9161      0.000  0.000e+00
 250800.000     6.0318     0.0027      0.000    -0.0558   999.9442      0.000  0.000e+00
 252000.000     5.3662     0.0023      0.000    -0.0384   999.9616      0.000  0.000e+00
 253200.000     4.5197     0.0017      0.000    -0.0260   999.9740      0.000  0.000e+00
 254400.000     4.4516     0.0016      0.000    -0.0255   999.9745      0.000  0.000e+00
 255600.000     4.4180     0.0016      0.000    -0.0253   999.9747      0.000  0.000e+00
 256800.000     4.2634     0.0015      0.000    -0.0245   999.9755      0.000  0.000e+00
 258000.000     4.2550     0.0015      0.000    -0.0244   999.9756      0.000  0.000e+00
 259200.000     3.9171     0.0013      0.000    -0.0240   999.9760      0.000  0.000e+00
 260400.000     3.5971     0.0010      0.000    -0.0254   999.9746      0.000  0.000e+00
 261600.000     5.8252     0.0026      0.000    -0.0497   999.9503      0.000  0.000e+00
