SBE37SM-RS232_03710963_2026_03_21.cnv
* Sea-Bird SBE37SM-RS232  Data File:
* FileName = C:\Users\Marcos\Documents\Ekman2026\Seabird\SBE37SM-RS232_03710963_2026_03_21.hex
* Software version SeatermV2 2.4.1
* Temperature SN = 10963
* Conductivity SN = 10963
* System UpLoad Time = Mar 21 2026 13:43:05
* sample interval = 1200 seconds
* <ApplicationData>
** UNIS station
** Lat
** Long
** Echo depth
** Bottle nr
** Time (UTC, hh:mm)
** Date (DD.MM)
# nquan = 8
# nvalues = 219                                   
# units = specified
# name 0 = timeS: Time, Elapsed [seconds]
# name 1 = tv290C: Temperature [ITS-90, deg C]
# name 2 = sal00: Salinity, Practical [PSU]
# name 3 = prM: Pressure [db]
# name 4 = sigma-é00: Density [sigma-theta, kg/m^3]
# name 5 = density00: Density [density, kg/m^3]
# name 6 = depSM: Depth [salt water, m], lat = 79.00
# name 7 = flag:  0.000e+00
# span 0 =      0.000, 261600.000                 
# span 1 =    -4.0768,     8.4412                 
# span 2 =    -0.0053,    34.9048                 
# span 3 =      0.000,      0.000                 
# span 4 =    -0.5928,    28.0985                 
# span 5 =   999.4072,  1028.0985                 
# span 6 =      0.000,      0.000                 
# span 7 = 0.0000e+00, 0.0000e+00                 
# interval = seconds: 1200
# start_time = Mar 18 2026 13:00:01 [Instrument's time stamp, first data scan]
# bad_flag = -9.990e-29
*END*
      0.000     1.2028    -0.0008      0.000    -0.0887   999.9113      0.000  0.000e+00
   1200.000    -1.6212    34.9048      0.000    28.0985  1028.0985      0.000  0.000e+00
   2400.000    -1.7772    34.7574      0.000    27.9833  1027.9833      0.000  0.000e+00
   3600.000    -1.7765    34.7672      0.000    27.9913  1027.9913      0.000  0.000e+00
   4800.000    -1.7747    34.7683      0.000    27.9921  1027.9921      0.000  0.000e+00
   6000.000    -1.7790    34.7787      0.000    28.0006  1028.0006      0.000  0.000e+00
   7200.000    -1.7760    34.7744      0.000    27.9970  1027.9970      0.000  0.000e+00
   8400.000    -1.7749    34.7812      0.000    28.0026  1028.0026      0.000  0.000e+00
   9600.000    -1.7738    34.7791      0.000    28.0008  1028.0008      0.000  0.000e+00
  10800.000    -1.7726    34.7779      0.000    27.9998  1027.9998      0.000  0.000e+00
  12000.000    -1.7698    34.7791      0.000    28.0007  1028.0007      0.000  0.000e+00
  13200.000    -1.7649    34.7749      0.000    27.9971  1027.9971      0.000  0.000e+00
  14400.000    -1.7597    34.7703      0.000    27.9933  1027.9933      0.000  0.000e+00
  15600.000    -1.7597    34.7666      0.000    27.9903  1027.9903      0.000  0.000e+00
  16800.000    -1.7643    34.7732      0.000    27.9958  1027.9958      0.000  0.000e+00
  18000.000    -1.7657    34.7746      0.000    27.9969  1027.9969      0.000  0.000e+00
  19200.000    -1.7610    34.7704      0.000    27.9934  1027.9934      0.000  0.000e+00
  20400.000    -1.7666    34.7730      0.000    27.9956  1027.9956      0.000  0.000e+00
  21600.000    -1.7694    34.7750      0.000    27.9974  1027.9974      0.000  0.000e+00
  22800.000    -1.7689    34.7754      0.000    27.9977  1027.9977      0.000  0.000e+00
  24000.000    -1.7696    34.7765      0.000    27.9986  1027.9986      0.000  0.000e+00
  25200.000    -1.7595    34.7649      0.000    27.9889  1027.9889      0.000  0.000e+00
  26400.000    -1.7487    34.7515      0.000    27.9777  1027.9777      0.000  0.000e+00
  27600.000    -1.7504    34.7530      0.000    27.9790  1027.9790      0.000  0.000e+00
  28800.000    -1.7522    34.7546      0.000    27.9803  1027.9803      0.000  0.000e+00
  30000.000    -1.7480    34.7510      0.000    27.9772  1027.9772      0.000  0.000e+00
  31200.000    -1.7640    34.7691      0.000    27.9924  1027.9924      0.000  0.000e+00
  32400.000    -1.7704    34.7781      0.000    27.9999  1027.9999      0.000  0.000e+00
  33600.000    -1.7716    34.7796      0.000    28.0011  1028.0011      0.000  0.000e+00
  34800.000    -1.7729    34.7809      0.000    28.0022  1028.0022      0.000  0.000e+00
  36000.000    -1.7725    34.7801      0.000    28.0016  1028.0016      0.000  0.000e+00
  37200.000    -1.7728    34.7802      0.000    28.0017  1028.0017      0.000  0.000e+00
  38400.000    -1.7731    34.7807      0.000    28.0021  1028.0021      0.000  0.000e+00
  39600.000    -1.7724    34.7812      0.000    28.0025  1028.0025      0.000  0.000e+00
  40800.000    -1.7718    34.7810      0.000    28.0024  1028.0024      0.000  0.000e+00
  42000.000    -1.7366    34.7465      0.000    27.9733  1027.9733      0.000  0.000e+00
  43200.000    -1.7396    34.7438      0.000    27.9711  1027.9711      0.000  0.000e+00
  44400.000    -1.7617    34.7671      0.000    27.9907  1027.9907      0.000  0.000e+00
  45600.000    -1.7542    34.7588      0.000    27.9838  1027.9838      0.000  0.000e+00
  46800.000    -1.7354    34.7387      0.000    27.9669  1027.9669      0.000  0.000e+00
  48000.000    -1.7476    34.7522      0.000    27.9782  1027.9782      0.000  0.000e+00
  49200.000    -1.7513    34.7547      0.000    27.9803  1027.9803      0.000  0.000e+00
  50400.000    -1.7438    34.7494      0.000    27.9758  1027.9758      0.000  0.000e+00
  51600.000    -1.7519    34.7580      0.000    27.9830  1027.9830      0.000  0.000e+00
  52800.000    -1.7546    34.7608      0.000    27.9854  1027.9854      0.000  0.000e+00
  54000.000    -1.7520    34.7571      0.000    27.9823  1027.9823      0.000  0.000e+00
  55200.000    -1.7490    34.7535      0.000    27.9793  1027.9793      0.000  0.000e+00
  56400.000    -1.7451    34.7496      0.000    27.9760  1027.9760      0.000  0.000e+00
  57600.000    -1.7501    34.7567      0.000    27.9819  1027.9819      0.000  0.000e+00
  58800.000    -1.7524    34.7612      0.000    27.9856  1027.9856      0.000  0.000e+00
  60000.000    -1.7492    34.7587      0.000    27.9835  1027.9835      0.000  0.000e+00
  61200.000    -1.7528    34.7649      0.000    27.9887  1027.9887      0.000  0.000e+00
  62400.000    -1.7582    34.7719      0.000    27.9945  1027.9945      0.000  0.000e+00
  63600.000    -1.7618    34.7731      0.000    27.9956  1027.9956      0.000  0.000e+00
  64800.000    -1.7616    34.7716      0.000    27.9943  1027.9943      0.000  0.000e+00
  66000.000    -1.7608    34.7710      0.000    27.9939  1027.9939      0.000  0.000e+00
  67200.000    -1.7605    34.7712      0.000    27.9941  1027.9941      0.000  0.000e+00
  68400.000    -1.7609    34.7716      0.000    27.9944  1027.9944      0.000  0.000e+00
  69600.000    -1.7607    34.7714      0.000    27.9942  1027.9942      0.000  0.000e+00
  70800.000    -1.7604    34.7715      0.000    27.9943  1027.9943      0.000  0.000e+00
  72000.000    -1.7584    34.7670      0.000    27.9906  1027.9906      0.000  0.000e+00
  73200.000    -1.7606    34.7704      0.000    27.9934  1027.9934      0.000  0.000e+00
  74400.000    -1.7642    34.7739      0.000    27.9963  1027.9963      0.000  0.000e+00
  75600.000    -1.7604    34.7703      0.000    27.9933  1027.9933      0.000  0.000e+00
  76800.000    -1.7622    34.7739      0.000    27.9963  1027.9963      0.000  0.000e+00
  78000.000    -1.7631    34.7747      0.000    27.9970  1027.9970      0.000  0.000e+00
  79200.000    -1.7628    34.7719      0.000    27.9947  1027.9947      0.000  0.000e+00
  80400.000    -1.7643    34.7711      0.000    27.9941  1027.9941      0.000  0.000e+00
  81600.000    -1.7654    34.7704      0.000    27.9935  1027.9935      0.000  0.000e+00
  82800.000    -1.7660    34.7695      0.000    27.9928  1027.9928      0.000  0.000e+00
  84000.000    -1.7645    34.7700      0.000    27.9932  1027.9932      0.000  0.000e+00
  85200.000    -1.7660    34.7677      0.000    27.9914  1027.9914      0.000  0.000e+00
  86400.000    -1.7669    34.7666      0.000    27.9905  1027.9905      0.000  0.000e+00
  87600.000    -1.7669    34.7643      0.000    27.9886  1027.9886      0.000  0.000e+00
  88800.000    -1.7637    34.7628      0.000    27.9873  1027.9873      0.000  0.000e+00
  90000.000    -1.7578    34.7639      0.000    27.9881  1027.9881      0.000  0.000e+00
  91200.000    -1.7662    34.7616      0.000    27.9864  1027.9864      0.000  0.000e+00
  92400.000    -1.7575    34.7651      0.000    27.9890  1027.9890      0.000  0.000e+00
  93600.000    -1.7395    34.7402      0.000    27.9682  1027.9682      0.000  0.000e+00
  94800.000    -1.7538    34.7550      0.000    27.9806  1027.9806      0.000  0.000e+00
  96000.000    -1.7540    34.7658      0.000    27.9894  1027.9894      0.000  0.000e+00
  97200.000    -1.7445    34.7531      0.000    27.9788  1027.9788      0.000  0.000e+00
  98400.000    -1.7347    34.7453      0.000    27.9722  1027.9722      0.000  0.000e+00
  99600.000    -1.7205    34.7401      0.000    27.9676  1027.9676      0.000  0.000e+00
 100800.000    -1.7286    34.7452      0.000    27.9719  1027.9719      0.000  0.000e+00
 102000.000    -1.7141    34.7338      0.000    27.9623  1027.9623      0.000  0.000e+00
 103200.000    -1.7269    34.7461      0.000    27.9726  1027.9726      0.000  0.000e+00
 104400.000    -1.7115    34.7328      0.000    27.9613  1027.9613      0.000  0.000e+00
 105600.000    -1.7115    34.7297      0.000    27.9588  1027.9588      0.000  0.000e+00
 106800.000    -1.7305    34.7425      0.000    27.9698  1027.9698      0.000  0.000e+00
 108000.000    -1.7330    34.7456      0.000    27.9724  1027.9724      0.000  0.000e+00
 109200.000    -1.7282    34.7401      0.000    27.9678  1027.9678      0.000  0.000e+00
 110400.000    -1.7341    34.7435      0.000    27.9707  1027.9707      0.000  0.000e+00
 111600.000    -1.7317    34.7417      0.000    27.9692  1027.9692      0.000  0.000e+00
 112800.000    -1.7268    34.7380      0.000    27.9661  1027.9661      0.000  0.000e+00
 114000.000    -1.7282    34.7388      0.000    27.9667  1027.9667      0.000  0.000e+00
 115200.000    -1.7229    34.7350      0.000    27.9635  1027.9635      0.000  0.000e+00
 116400.000    -1.7249    34.7374      0.000    27.9655  1027.9655      0.000  0.000e+00
 117600.000    -1.7298    34.7425      0.000    27.9698  1027.9698      0.000  0.000e+00
 118800.000    -1.7258    34.7382      0.000    27.9662  1027.9662      0.000  0.000e+00
 120000.000    -1.7332    34.7436      0.000    27.9708  1027.9708      0.000  0.000e+00
 121200.000    -1.7437    34.7532      0.000    27.9789  1027.9789      0.000  0.000e+00
 122400.000    -1.7443    34.7496      0.000    27.9760  1027.9760      0.000  0.000e+00
 123600.000    -1.7469    34.7513      0.000    27.9774  1027.9774      0.000  0.000e+00
 124800.000    -1.7464    34.7519      0.000    27.9779  1027.9779      0.000  0.000e+00
 126000.000    -1.7457    34.7520      0.000    27.9780  1027.9780      0.000  0.000e+00
 127200.000    -1.7446    34.7515      0.000    27.9776  1027.9776      0.000  0.000e+00
 128400.000    -1.7434    34.7506      0.000    27.9768  1027.9768      0.000  0.000e+00
 129600.000    -1.7418    34.7487      0.000    27.9752  1027.9752      0.000  0.000e+00
 130800.000    -1.7401    34.7465      0.000    27.9734  1027.9734      0.000  0.000e+00
 132000.000    -1.7409    34.7475      0.000    27.9742  1027.9742      0.000  0.000e+00
 133200.000    -1.7390    34.7436      0.000    27.9709  1027.9709      0.000  0.000e+00
 134400.000    -1.7374    34.7435      0.000    27.9708  1027.9708      0.000  0.000e+00
 135600.000    -1.7387    34.7450      0.000    27.9721  1027.9721      0.000  0.000e+00
 136800.000    -1.7346    34.7410      0.000    27.9687  1027.9687      0.000  0.000e+00
 138000.000    -1.7359    34.7425      0.000    27.9700  1027.9700      0.000  0.000e+00
 139200.000    -1.7071    34.7223      0.000    27.9527  1027.9527      0.000  0.000e+00
 140400.000    -1.7062    34.7247      0.000    27.9546  1027.9546      0.000  0.000e+00
 141600.000    -1.7331    34.7387      0.000    27.9668  1027.9668      0.000  0.000e+00
 142800.000    -1.7326    34.7420      0.000    27.9695  1027.9695      0.000  0.000e+00
 144000.000    -1.7219    34.7341      0.000    27.9627  1027.9627      0.000  0.000e+00
 145200.000    -1.7102    34.7235      0.000    27.9538  1027.9538      0.000  0.000e+00
 146400.000    -1.6955    34.7147      0.000    27.9462  1027.9462      0.000  0.000e+00
 147600.000    -1.6992    34.7184      0.000    27.9493  1027.9493      0.000  0.000e+00
 148800.000    -1.7016    34.7212      0.000    27.9516  1027.9516      0.000  0.000e+00
 150000.000    -1.7097    34.7319      0.000    27.9606  1027.9606      0.000  0.000e+00
 151200.000    -1.7069    34.7293      0.000    27.9584  1027.9584      0.000  0.000e+00
 152400.000    -1.7026    34.7260      0.000    27.9556  1027.9556      0.000  0.000e+00
 153600.000    -1.7051    34.7282      0.000    27.9575  1027.9575      0.000  0.000e+00
 154800.000    -1.7087    34.7301      0.000    27.9591  1027.9591      0.000  0.000e+00
 156000.000    -1.7051    34.7304      0.000    27.9592  1027.9592      0.000  0.000e+00
 157200.000    -1.7011    34.7349      0.000    27.9628  1027.9628      0.000  0.000e+00
 158400.000    -1.6850    34.7274      0.000    27.9562  1027.9562      0.000  0.000e+00
 159600.000    -1.6766    34.7304      0.000    27.9584  1027.9584      0.000  0.000e+00
 160800.000    -1.6457    34.7288      0.000    27.9562  1027.9562      0.000  0.000e+00
 162000.000    -1.6119    34.7251      0.000    27.9522  1027.9522      0.000  0.000e+00
 163200.000    -1.6245    34.7279      0.000    27.9548  1027.9548      0.000  0.000e+00
 164400.000    -1.6172    34.7308      0.000    27.9569  1027.9569      0.000  0.000e+00
 165600.000    -1.6445    34.7288      0.000    27.9561  1027.9561      0.000  0.000e+00
 166800.000    -1.6290    34.7273      0.000    27.9544  1027.9544      0.000  0.000e+00
 168000.000    -1.6103    34.7275      0.000    27.9541  1027.9541      0.000  0.000e+00
 169200.000    -1.6394    34.7315      0.000    27.9582  1027.9582      0.000  0.000e+00
 170400.000    -1.6107    34.7305      0.000    27.9565  1027.9565      0.000  0.000e+00
 171600.000    -1.5765    34.7335      0.000    27.9579  1027.9579      0.000  0.000e+00
 172800.000    -1.5538    34.7325      0.000    27.9563  1027.9563      0.000  0.000e+00
 174000.000    -1.6179    34.7343      0.000    27.9598  1027.9598      0.000  0.000e+00
 175200.000    -1.5997    34.7273      0.000    27.9535  1027.9535      0.000  0.000e+00
 176400.000    -1.5860    34.7277      0.000    27.9534  1027.9534      0.000  0.000e+00
 177600.000    -1.5683    34.7206      0.000    27.9471  1027.9471      0.000  0.000e+00
 178800.000    -1.5594    34.7268      0.000    27.9519  1027.9519      0.000  0.000e+00
 180000.000    -1.5894    34.7278      0.000    27.9536  1027.9536      0.000  0.000e+00
 181200.000    -1.6170    34.7246      0.000    27.9519  1027.9519      0.000  0.000e+00
 182400.000    -1.6021    34.7245      0.000    27.9513  1027.9513      0.000  0.000e+00
 183600.000    -1.5562    34.7208      0.000    27.9469  1027.9469      0.000  0.000e+00
 184800.000    -1.5285    34.7189      0.000    27.9444  1027.9444      0.000  0.000e+00
 186000.000    -1.5273    34.7163      0.000    27.9423  1027.9423      0.000  0.000e+00
 187200.000    -1.5414    34.7167      0.000    27.9431  1027.9431      0.000  0.000e+00
 188400.000    -1.5459    34.7125      0.000    27.9398  1027.9398      0.000  0.000e+00
 189600.000    -1.5488    34.7129      0.000    27.9403  1027.9403      0.000  0.000e+00
 190800.000    -1.5587    34.7155      0.000    27.9427  1027.9427      0.000  0.000e+00
 192000.000    -1.5601    34.7127      0.000    27.9405  1027.9405      0.000  0.000e+00
 193200.000    -1.5644    34.7098      0.000    27.9382  1027.9382      0.000  0.000e+00
 194400.000    -1.5906    34.7100      0.000    27.9392  1027.9392      0.000  0.000e+00
 195600.000    -1.5962    34.7091      0.000    27.9386  1027.9386      0.000  0.000e+00
 196800.000    -1.5939    34.7095      0.000    27.9389  1027.9389      0.000  0.000e+00
 198000.000    -1.5850    34.7094      0.000    27.9385  1027.9385      0.000  0.000e+00
 199200.000    -1.5964    34.7068      0.000    27.9368  1027.9368      0.000  0.000e+00
 200400.000    -1.6199    34.7135      0.000    27.9429  1027.9429      0.000  0.000e+00
 201600.000    -1.5602    34.7154      0.000    27.9426  1027.9426      0.000  0.000e+00
 202800.000    -1.5592    34.7177      0.000    27.9444  1027.9444      0.000  0.000e+00
 204000.000    -1.5600    34.7182      0.000    27.9449  1027.9449      0.000  0.000e+00
 205200.000    -1.5894    34.7322      0.000    27.9572  1027.9572      0.000  0.000e+00
 206400.000    -1.5647    34.7126      0.000    27.9405  1027.9405      0.000  0.000e+00
 207600.000    -1.5756    34.7135      0.000    27.9415  1027.9415      0.000  0.000e+00
 208800.000    -1.5834    34.7223      0.000    27.9489  1027.9489      0.000  0.000e+00
 210000.000    -1.5631    34.7196      0.000    27.9461  1027.9461      0.000  0.000e+00
 211200.000    -1.5744    34.7228      0.000    27.9491  1027.9491      0.000  0.000e+00
 212400.000    -1.5985    34.7305      0.000    27.9561  1027.9561      0.000  0.000e+00
 213600.000    -1.5616    34.7226      0.000    27.9485  1027.9485      0.000  0.000e+00
