sbe37smp-rs232_03727626_2026_03_21.cnv
* Sea-Bird SBE37SMP-RS232  Data File:
* FileName = C:\Users\MarcosP\Documents\EKMAN\SBE37SMP-RS232_03727626_2026_03_21.hex
* Software version SeatermV2 2.8.0.119
* Temperature SN = 27626
* Conductivity SN = 27626
* System UpLoad Time = Mar 21 2026 15:01:23
* sample interval = 1200 seconds
* <ApplicationData>
# nquan = 7
# nvalues = 218                                   
# units = specified
# name 0 = timeS: Time, Elapsed [seconds]
# name 1 = tv290C: Temperature [ITS-90, deg C]
# name 2 = sal00: Salinity, Practical [PSU]
# name 3 = depSM: Depth [salt water, m], lat = 79.00
# name 4 = sigma-é00: Density [sigma-theta, kg/m^3]
# name 5 = density00: Density [density, kg/m^3]
# name 6 = flag:  0.000e+00
# span 0 =      0.000, 260400.000                 
# span 1 =    -3.3964,     9.7157                 
# span 2 =    -0.0045,    34.7521                 
# span 3 =     -0.406,     12.799                 
# span 4 =    -0.4929,    27.9779                 
# span 5 =   999.5055,  1028.0402                 
# span 6 = 0.0000e+00, 0.0000e+00                 
# interval = seconds: 1200
# start_time = Mar 18 2026 13:00:01 [Instrument's time stamp, first data scan]
# bad_flag = -9.990e-29
*END*
      0.000     0.4417    -0.0012     -0.173    -0.1292   999.8700  0.000e+00
   1200.000    -0.3781    -0.0019     -0.170    -0.1844   999.8147  0.000e+00
   2400.000    -1.7495    34.5605     12.799    27.8224  1027.8847  0.000e+00
   3600.000    -1.7403    34.7521     12.790    27.9779  1028.0402  0.000e+00
   4800.000    -1.7232    34.7283     12.786    27.9581  1028.0203  0.000e+00
   6000.000    -1.7113    34.7236     12.784    27.9539  1028.0161  0.000e+00
   7200.000    -1.7167    34.7138     12.781    27.9461  1028.0083  0.000e+00
   8400.000    -1.6622    34.6940     12.777    27.9283  1027.9905  0.000e+00
   9600.000    -1.6504    34.6916     12.775    27.9261  1027.9882  0.000e+00
  10800.000    -1.6484    34.6918     12.773    27.9261  1027.9883  0.000e+00
  12000.000    -1.6715    34.6961     12.768    27.9304  1027.9925  0.000e+00
  13200.000    -1.6698    34.6937     12.764    27.9284  1027.9905  0.000e+00
  14400.000    -1.6861    34.7040     12.766    27.9372  1027.9994  0.000e+00
  15600.000    -1.6960    34.7075     12.763    27.9404  1028.0025  0.000e+00
  16800.000    -1.6866    34.7063     12.757    27.9391  1028.0012  0.000e+00
  18000.000    -1.7252    34.7140     12.752    27.9465  1028.0086  0.000e+00
  19200.000    -1.7347    34.7161     12.747    27.9485  1028.0105  0.000e+00
  20400.000    -1.7208    34.7109     12.743    27.9438  1028.0058  0.000e+00
  21600.000    -1.7327    34.7144     12.739    27.9471  1028.0091  0.000e+00
  22800.000    -1.7337    34.7278     12.738    27.9580  1028.0200  0.000e+00
  24000.000    -1.7104    34.7081     12.737    27.9412  1028.0032  0.000e+00
  25200.000    -1.7020    34.7060     12.732    27.9393  1028.0013  0.000e+00
  26400.000    -1.7125    34.7089     12.732    27.9420  1028.0040  0.000e+00
  27600.000    -1.6970    34.7006     12.728    27.9348  1027.9967  0.000e+00
  28800.000    -1.7238    34.7101     12.727    27.9433  1028.0052  0.000e+00
  30000.000    -1.7266    34.7095     12.725    27.9429  1028.0048  0.000e+00
  31200.000    -1.7414    34.7402     12.723    27.9683  1028.0302  0.000e+00
  32400.000    -1.7291    34.7265     12.718    27.9568  1028.0187  0.000e+00
  33600.000    -1.7351    34.7151     12.716    27.9477  1028.0096  0.000e+00
  34800.000    -1.7286    34.7243     12.716    27.9550  1028.0169  0.000e+00
  36000.000    -1.7301    34.7239     12.712    27.9547  1028.0165  0.000e+00
  37200.000    -1.7525    34.7049     12.710    27.9399  1028.0018  0.000e+00
  38400.000    -1.7258    34.7154     12.712    27.9477  1028.0095  0.000e+00
  39600.000    -1.7313    34.7193     12.708    27.9510  1028.0129  0.000e+00
  40800.000    -1.7181    34.7134     12.710    27.9458  1028.0077  0.000e+00
  42000.000    -1.7129    34.7144     12.708    27.9465  1028.0083  0.000e+00
  43200.000    -1.7157    34.7125     12.708    27.9450  1028.0069  0.000e+00
  44400.000    -1.7318    34.7018     12.706    27.9367  1027.9986  0.000e+00
  45600.000    -1.7392    34.7097     12.710    27.9434  1028.0053  0.000e+00
  46800.000    -1.7295    34.6966     12.707    27.9325  1027.9944  0.000e+00
  48000.000    -1.7383    34.7052     12.706    27.9397  1028.0016  0.000e+00
  49200.000    -1.7265    34.7135     12.707    27.9461  1028.0080  0.000e+00
  50400.000    -1.7268    34.6998     12.707    27.9350  1027.9969  0.000e+00
  51600.000    -1.7316    34.7157     12.707    27.9481  1028.0100  0.000e+00
  52800.000    -1.7122    34.7009     12.705    27.9355  1027.9974  0.000e+00
  54000.000    -1.6765    34.7003     12.704    27.9340  1027.9958  0.000e+00
  55200.000    -1.7126    34.7098     12.705    27.9427  1028.0046  0.000e+00
  56400.000    -1.6208    34.6875     12.706    27.9219  1027.9837  0.000e+00
  57600.000    -1.6137    34.6878     12.702    27.9219  1027.9837  0.000e+00
  58800.000    -1.6247    34.6940     12.704    27.9273  1027.9891  0.000e+00
  60000.000    -1.6756    34.7038     12.704    27.9368  1027.9986  0.000e+00
  61200.000    -1.7308    34.7230     12.705    27.9539  1028.0158  0.000e+00
  62400.000    -1.7446    34.7440     12.703    27.9715  1028.0333  0.000e+00
  63600.000    -1.7083    34.7125     12.708    27.9448  1028.0066  0.000e+00
  64800.000    -1.7440    34.7380     12.710    27.9665  1028.0284  0.000e+00
  66000.000    -1.7394    34.7319     12.708    27.9614  1028.0233  0.000e+00
  67200.000    -1.7381    34.7220     12.710    27.9534  1028.0153  0.000e+00
  68400.000    -1.7225    34.7137     12.710    27.9462  1028.0081  0.000e+00
  69600.000    -1.7236    34.7134     12.710    27.9459  1028.0078  0.000e+00
  70800.000    -1.7229    34.7122     12.712    27.9450  1028.0069  0.000e+00
  72000.000    -1.7261    34.7143     12.712    27.9468  1028.0087  0.000e+00
  73200.000    -1.7336    34.7326     12.714    27.9619  1028.0238  0.000e+00
  74400.000    -1.7294    34.7256     12.715    27.9560  1028.0179  0.000e+00
  75600.000    -1.7269    34.7201     12.715    27.9515  1028.0134  0.000e+00
  76800.000    -1.7407    34.7401     12.718    27.9682  1028.0301  0.000e+00
  78000.000    -1.7252    34.7220     12.723    27.9530  1028.0149  0.000e+00
  79200.000    -1.7360    34.7352     12.719    27.9640  1028.0259  0.000e+00
  80400.000    -1.7351    34.7347     12.721    27.9636  1028.0255  0.000e+00
  81600.000    -1.7383    34.7397     12.721    27.9677  1028.0297  0.000e+00
  82800.000    -1.7299    34.7298     12.725    27.9595  1028.0215  0.000e+00
  84000.000    -1.7359    34.7354     12.725    27.9642  1028.0262  0.000e+00
  85200.000    -1.7352    34.7341     12.723    27.9631  1028.0251  0.000e+00
  86400.000    -1.7342    34.7320     12.734    27.9614  1028.0234  0.000e+00
  87600.000    -1.7182    34.7161     12.728    27.9480  1028.0099  0.000e+00
  88800.000    -1.7210    34.7171     12.734    27.9489  1028.0109  0.000e+00
  90000.000    -1.7234    34.7122     12.730    27.9450  1028.0070  0.000e+00
  91200.000    -1.6107    34.6893     12.737    27.9230  1027.9849  0.000e+00
  92400.000    -1.6898    34.7098     12.730    27.9421  1028.0040  0.000e+00
  93600.000    -1.6227    34.6969     12.737    27.9295  1027.9915  0.000e+00
  94800.000    -1.6892    34.7151     12.732    27.9463  1028.0083  0.000e+00
  96000.000    -1.7000    34.7192     12.726    27.9500  1028.0120  0.000e+00
  97200.000    -1.6912    34.7123     12.728    27.9442  1028.0061  0.000e+00
  98400.000    -1.6657    34.6924     12.726    27.9272  1027.9892  0.000e+00
  99600.000    -1.6492    34.6897     12.726    27.9245  1027.9864  0.000e+00
 100800.000    -1.6758    34.7042     12.725    27.9371  1027.9990  0.000e+00
 102000.000    -1.6897    34.7118     12.723    27.9437  1028.0056  0.000e+00
 103200.000    -1.6952    34.7160     12.721    27.9473  1028.0092  0.000e+00
 104400.000    -1.6880    34.7089     12.721    27.9413  1028.0032  0.000e+00
 105600.000    -1.6801    34.7046     12.725    27.9376  1027.9995  0.000e+00
 106800.000    -1.7091    34.7240     12.725    27.9542  1028.0161  0.000e+00
 108000.000    -1.7033    34.7195     12.727    27.9503  1028.0123  0.000e+00
 109200.000    -1.6908    34.7131     12.728    27.9447  1028.0067  0.000e+00
 110400.000    -1.7122    34.7255     12.728    27.9555  1028.0175  0.000e+00
 111600.000    -1.6883    34.7115     12.724    27.9434  1028.0053  0.000e+00
 112800.000    -1.6824    34.7043     12.724    27.9374  1027.9993  0.000e+00
 114000.000    -1.6914    34.7097     12.728    27.9420  1028.0040  0.000e+00
 115200.000    -1.6976    34.7123     12.726    27.9443  1028.0063  0.000e+00
 116400.000    -1.7131    34.7223     12.725    27.9529  1028.0148  0.000e+00
 117600.000    -1.7232    34.7296     12.726    27.9591  1028.0211  0.000e+00
 118800.000    -1.6995    34.7086     12.725    27.9414  1028.0033  0.000e+00
 120000.000    -1.7273    34.7325     12.725    27.9616  1028.0236  0.000e+00
 121200.000    -1.7312    34.7358     12.721    27.9644  1028.0264  0.000e+00
 122400.000    -1.6937    34.6991     12.719    27.9334  1027.9953  0.000e+00
 123600.000    -1.7247    34.7284     12.721    27.9582  1028.0201  0.000e+00
 124800.000    -1.7062    34.7104     12.719    27.9430  1028.0049  0.000e+00
 126000.000    -1.7084    34.7144     12.717    27.9463  1028.0082  0.000e+00
 127200.000    -1.7060    34.7127     12.715    27.9449  1028.0068  0.000e+00
 128400.000    -1.7277    34.7306     12.714    27.9601  1028.0220  0.000e+00
 129600.000    -1.7201    34.7240     12.712    27.9545  1028.0164  0.000e+00
 130800.000    -1.7115    34.7146     12.712    27.9465  1028.0084  0.000e+00
 132000.000    -1.6939    34.7005     12.711    27.9346  1027.9965  0.000e+00
 133200.000    -1.6827    34.6932     12.708    27.9283  1027.9902  0.000e+00
 134400.000    -1.6866    34.6898     12.706    27.9257  1027.9876  0.000e+00
 135600.000    -1.6934    34.6895     12.705    27.9257  1027.9875  0.000e+00
 136800.000    -1.6938    34.6910     12.702    27.9269  1027.9887  0.000e+00
 138000.000    -1.6647    34.6652     12.699    27.9050  1027.9668  0.000e+00
 139200.000    -1.6558    34.6594     12.699    27.9001  1027.9619  0.000e+00
 140400.000    -1.6474    34.6693     12.697    27.9079  1027.9697  0.000e+00
 141600.000    -1.6478    34.6746     12.699    27.9122  1027.9740  0.000e+00
 142800.000    -1.6500    34.6679     12.697    27.9068  1027.9686  0.000e+00
 144000.000    -1.6770    34.6729     12.694    27.9117  1027.9734  0.000e+00
 145200.000    -1.6803    34.6677     12.692    27.9075  1027.9693  0.000e+00
 146400.000    -1.6863    34.6685     12.688    27.9084  1027.9701  0.000e+00
 147600.000    -1.6765    34.6651     12.690    27.9053  1027.9671  0.000e+00
 148800.000    -1.6839    34.6640     12.682    27.9046  1027.9664  0.000e+00
 150000.000    -1.6548    34.6862     12.681    27.9218  1027.9835  0.000e+00
 151200.000    -1.6776    34.6982     12.677    27.9322  1027.9939  0.000e+00
 152400.000    -1.6924    34.7015     12.670    27.9354  1027.9970  0.000e+00
 153600.000    -1.6901    34.7124     12.664    27.9442  1028.0058  0.000e+00
 154800.000    -1.6874    34.7181     12.664    27.9487  1028.0103  0.000e+00
 156000.000    -1.6692    34.7045     12.657    27.9371  1027.9987  0.000e+00
 157200.000    -1.6090    34.7117     12.655    27.9412  1028.0028  0.000e+00
 158400.000    -1.5499    34.7155     12.649    27.9424  1028.0039  0.000e+00
 159600.000    -1.5686    34.7121     12.643    27.9402  1028.0017  0.000e+00
 160800.000    -1.6073    34.7233     12.638    27.9505  1028.0120  0.000e+00
 162000.000    -1.4924    34.7119     12.636    27.9377  1027.9991  0.000e+00
 163200.000    -1.4626    34.7011     12.632    27.9279  1027.9893  0.000e+00
 164400.000    -1.4775    34.7085     12.627    27.9344  1027.9958  0.000e+00
 165600.000    -1.5743    34.7344     12.620    27.9585  1028.0199  0.000e+00
 166800.000    -1.4696    34.7049     12.618    27.9312  1027.9925  0.000e+00
 168000.000    -1.4945    34.7065     12.614    27.9333  1027.9946  0.000e+00
 169200.000    -1.5346    34.7219     12.613    27.9471  1028.0084  0.000e+00
 170400.000    -1.5068    34.7200     12.607    27.9447  1028.0060  0.000e+00
 171600.000    -1.4915    34.7085     12.597    27.9349  1027.9961  0.000e+00
 172800.000    -1.4972    34.7197     12.601    27.9442  1028.0054  0.000e+00
 174000.000    -1.5353    34.7274     12.601    27.9516  1028.0129  0.000e+00
 175200.000    -1.5392    34.7236     12.589    27.9487  1028.0099  0.000e+00
 176400.000    -1.5490    34.7280     12.602    27.9526  1028.0138  0.000e+00
 177600.000    -1.5100    34.7084     12.596    27.9354  1027.9966  0.000e+00
 178800.000    -1.5359    34.6974     12.603    27.9272  1027.9885  0.000e+00
 180000.000    -1.5654    34.7160     12.594    27.9433  1028.0046  0.000e+00
 181200.000    -1.5595    34.7108     12.598    27.9389  1028.0002  0.000e+00
 182400.000    -1.5675    34.7134     12.602    27.9413  1028.0025  0.000e+00
 183600.000    -1.5561    34.7092     12.593    27.9375  1027.9987  0.000e+00
 184800.000    -1.4757    34.7020     12.596    27.9291  1027.9903  0.000e+00
 186000.000    -1.5298    34.7112     12.600    27.9383  1027.9995  0.000e+00
 187200.000    -1.5030    34.7056     12.604    27.9329  1027.9941  0.000e+00
 188400.000    -1.5158    34.7065     12.596    27.9340  1027.9953  0.000e+00
 189600.000    -1.5266    34.6978     12.602    27.9273  1027.9886  0.000e+00
 190800.000    -1.5429    34.6994     12.600    27.9291  1027.9904  0.000e+00
 192000.000    -1.5359    34.6955     12.601    27.9257  1027.9870  0.000e+00
 193200.000    -1.5104    34.6943     12.604    27.9239  1027.9852  0.000e+00
 194400.000    -1.5829    34.6917     12.600    27.9241  1027.9854  0.000e+00
 195600.000    -1.6137    34.7038     12.598    27.9349  1027.9962  0.000e+00
 196800.000    -1.5374    34.7011     12.600    27.9303  1027.9916  0.000e+00
 198000.000    -1.5443    34.7069     12.602    27.9353  1027.9965  0.000e+00
 199200.000    -1.5087    34.7047     12.603    27.9323  1027.9936  0.000e+00
 200400.000    -1.5426    34.7124     12.604    27.9397  1028.0010  0.000e+00
 201600.000    -1.5420    34.7094     12.602    27.9372  1027.9985  0.000e+00
 202800.000    -1.5036    34.6963     12.605    27.9253  1027.9866  0.000e+00
 204000.000    -1.5248    34.7003     12.603    27.9293  1027.9906  0.000e+00
 205200.000    -1.5369    34.7035     12.602    27.9322  1027.9935  0.000e+00
 206400.000    -1.5373    34.7043     12.601    27.9329  1027.9942  0.000e+00
 207600.000    -1.5496    34.7103     12.601    27.9382  1027.9995  0.000e+00
 208800.000    -1.5468    34.7069     12.602    27.9353  1027.9966  0.000e+00
 210000.000    -1.5152    34.7010     12.602    27.9295  1027.9908  0.000e+00
 211200.000    -1.5331    34.7095     12.600    27.9370  1027.9983  0.000e+00
 212400.000    -1.4931    34.7096     12.601    27.9358  1027.9971  0.000e+00
 213600.000    -1.5017    34.7117     12.601    27.9378  1027.9990  0.000e+00
 214800.000    -1.4981    34.7140     12.601    27.9395  1028.0008  0.000e+00
 216000.000    -1.5148    34.7097     12.601    27.9366  1027.9978  0.000e+00
 217200.000    -1.5160    34.7093     12.601    27.9363  1027.9975  0.000e+00
 218400.000    -1.5130    34.7126     12.598    27.9389  1028.0001  0.000e+00
 219600.000    -1.5142    34.7124     12.598    27.9387  1028.0000  0.000e+00
 220800.000    -1.5152    34.7088     12.600    27.9359  1027.9971  0.000e+00
 222000.000    -1.5184    34.7069     12.601    27.9344  1027.9957  0.000e+00
 223200.000    -1.5187    34.7077     12.600    27.9351  1027.9963  0.000e+00
 224400.000    -1.5188    34.7056     12.600    27.9334  1027.9947  0.000e+00
 225600.000    -1.5226    34.7004     12.602    27.9292  1027.9905  0.000e+00
 226800.000    -1.5374    34.6916     12.600    27.9226  1027.9839  0.000e+00
 228000.000    -1.5539    34.6911     12.598    27.9227  1027.9839  0.000e+00
 229200.000    -1.5280    34.6751     12.598    27.9089  1027.9702  0.000e+00
 230400.000    -1.5301    34.6796     12.600    27.9126  1027.9739  0.000e+00
 231600.000    -1.5785    34.6743     12.598    27.9099  1027.9711  0.000e+00
 232800.000    -1.5551    34.6737     12.602    27.9086  1027.9699  0.000e+00
 234000.000    -1.5937    34.6774     12.600    27.9128  1027.9741  0.000e+00
 235200.000    -1.6121    34.6746     12.598    27.9111  1027.9724  0.000e+00
 236400.000    -1.6071    34.6756     12.602    27.9117  1027.9730  0.000e+00
 237600.000    -1.5783    34.6912     12.606    27.9235  1027.9848  0.000e+00
 238800.000    -1.5686    34.6945     12.607    27.9259  1027.9872  0.000e+00
 240000.000    -1.5492    34.6982     12.609    27.9283  1027.9897  0.000e+00
 241200.000    -1.5541    34.6982     12.607    27.9285  1027.9898  0.000e+00
 242400.000    -2.1381    -0.0035     -0.368    -0.3453   999.6528  0.000e+00
 243600.000    -3.3964     0.0053     -0.316    -0.4929   999.5055  0.000e+00
 244800.000    -3.2461    -0.0045     -0.299    -0.4774   999.5210  0.000e+00
