sbe37smp-rs232_03727873_2026_03_21.cnv
* Sea-Bird SBE37SMP-RS232  Data File:
* FileName = C:\Users\MarcosP\Documents\EKMAN\SBE37SMP-RS232_03727873_2026_03_21.hex
* Software version SeatermV2 2.8.0.119
* Temperature SN = 27873
* Conductivity SN = 27873
* System UpLoad Time = Mar 21 2026 15:04:15
* sample interval = 1200 seconds
* <ApplicationData>
# nquan = 7
# nvalues = 218                                   
# units = specified
# name 0 = timeS: Time, Elapsed [seconds]
# name 1 = tv290C: Temperature [ITS-90, deg C]
# name 2 = sal00: Salinity, Practical [PSU]
# name 3 = depSM: Depth [salt water, m], lat = 79.00
# name 4 = sigma-é00: Density [sigma-theta, kg/m^3]
# name 5 = density00: Density [density, kg/m^3]
# name 6 = flag:  0.000e+00
# span 0 =      0.000, 260400.000                 
# span 1 =    -4.6955,     8.5963                 
# span 2 =     0.0000,    34.6987                 
# span 3 =     -0.485,      2.179                 
# span 4 =    -0.6881,    27.9284                 
# span 5 =   999.3094,  1027.9381                 
# span 6 = 0.0000e+00, 0.0000e+00                 
# interval = seconds: 1200
# start_time = Mar 18 2026 13:00:01 [Instrument's time stamp, first data scan]
# bad_flag = -9.990e-29
*END*
      0.000     0.2957     0.0000     -0.239    -0.1381   999.8607  0.000e+00
   1200.000    -0.0915     0.0000     -0.245    -0.1637   999.8350  0.000e+00
   2400.000    -1.6104    31.7422      2.172    25.5287  1025.5393  0.000e+00
   3600.000    -1.6346    34.4523      2.179    27.7311  1027.7417  0.000e+00
   4800.000    -1.6041    34.5603      2.178    27.8180  1027.8286  0.000e+00
   6000.000    -1.6018    34.6169      2.174    27.8639  1027.8745  0.000e+00
   7200.000    -1.6209    34.6163      2.169    27.8640  1027.8746  0.000e+00
   8400.000    -1.6106    34.6405      2.165    27.8834  1027.8939  0.000e+00
   9600.000    -1.6325    34.6183      2.161    27.8660  1027.8765  0.000e+00
  10800.000    -1.6285    34.5994      2.160    27.8505  1027.8610  0.000e+00
  12000.000    -1.6543    34.5942      2.158    27.8470  1027.8575  0.000e+00
  13200.000    -1.6172    34.5813      2.154    27.8354  1027.8459  0.000e+00
  14400.000    -1.5937    34.5972      2.156    27.8477  1027.8581  0.000e+00
  15600.000    -1.5975    34.5924      2.149    27.8439  1027.8543  0.000e+00
  16800.000    -1.5935    34.5981      2.147    27.8483  1027.8588  0.000e+00
  18000.000    -1.6235    34.6078      2.145    27.8572  1027.8676  0.000e+00
  19200.000    -1.6339    34.6004      2.143    27.8515  1027.8619  0.000e+00
  20400.000    -1.6326    34.6037      2.141    27.8541  1027.8645  0.000e+00
  21600.000    -1.6432    34.6054      2.142    27.8557  1027.8662  0.000e+00
  22800.000    -1.6551    34.6070      2.143    27.8575  1027.8679  0.000e+00
  24000.000    -1.6508    34.6082      2.140    27.8583  1027.8687  0.000e+00
  25200.000    -1.6369    34.6273      2.143    27.8734  1027.8838  0.000e+00
  26400.000    -1.6539    34.6239      2.142    27.8711  1027.8815  0.000e+00
  27600.000    -1.6617    34.6159      2.142    27.8649  1027.8753  0.000e+00
  28800.000    -1.6699    34.6169      2.140    27.8659  1027.8763  0.000e+00
  30000.000    -1.6523    34.6231      2.138    27.8704  1027.8808  0.000e+00
  31200.000    -1.6107    34.6360      2.136    27.8796  1027.8900  0.000e+00
  32400.000    -1.6407    34.6414      2.129    27.8850  1027.8954  0.000e+00
  33600.000    -1.6045    34.6232      2.125    27.8691  1027.8795  0.000e+00
  34800.000    -1.6821    34.6580      2.123    27.8997  1027.9100  0.000e+00
  36000.000    -1.6909    34.6389      2.120    27.8844  1027.8948  0.000e+00
  37200.000    -1.6751    34.6282      2.120    27.8753  1027.8856  0.000e+00
  38400.000    -1.6525    34.6434      2.120    27.8870  1027.8973  0.000e+00
  39600.000    -1.5845    34.6512      2.121    27.8912  1027.9015  0.000e+00
  40800.000    -1.5958    34.6600      2.116    27.8987  1027.9090  0.000e+00
  42000.000    -1.5864    34.6591      2.118    27.8977  1027.9080  0.000e+00
  43200.000    -1.5775    34.6616      2.120    27.8995  1027.9098  0.000e+00
  44400.000    -1.5886    34.6563      2.116    27.8955  1027.9058  0.000e+00
  45600.000    -1.5775    34.6608      2.116    27.8988  1027.9091  0.000e+00
  46800.000    -1.5825    34.6474      2.114    27.8881  1027.8983  0.000e+00
  48000.000    -1.5830    34.6423      2.116    27.8839  1027.8942  0.000e+00
  49200.000    -1.5728    34.6332      2.116    27.8762  1027.8865  0.000e+00
  50400.000    -1.5460    34.6395      2.118    27.8806  1027.8909  0.000e+00
  51600.000    -1.5533    34.6465      2.110    27.8864  1027.8967  0.000e+00
  52800.000    -1.5658    34.6430      2.110    27.8840  1027.8943  0.000e+00
  54000.000    -1.6053    34.6508      2.110    27.8915  1027.9018  0.000e+00
  55200.000    -1.6247    34.6163      2.111    27.8641  1027.8744  0.000e+00
  56400.000    -1.6513    34.5895      2.113    27.8431  1027.8534  0.000e+00
  57600.000    -1.6173    34.5982      2.110    27.8492  1027.8594  0.000e+00
  58800.000    -1.6166    34.6145      2.109    27.8624  1027.8727  0.000e+00
  60000.000    -1.6163    34.6273      2.109    27.8728  1027.8831  0.000e+00
  61200.000    -1.6193    34.6264      2.111    27.8721  1027.8824  0.000e+00
  62400.000    -1.6208    34.6249      2.110    27.8710  1027.8812  0.000e+00
  63600.000    -1.6234    34.6047      2.112    27.8546  1027.8649  0.000e+00
  64800.000    -1.6191    34.6056      2.113    27.8552  1027.8655  0.000e+00
  66000.000    -1.6214    34.6186      2.112    27.8659  1027.8761  0.000e+00
  67200.000    -1.6109    34.6338      2.113    27.8779  1027.8882  0.000e+00
  68400.000    -1.6106    34.6213      2.110    27.8677  1027.8780  0.000e+00
  69600.000    -1.6591    34.6433      2.114    27.8871  1027.8974  0.000e+00
  70800.000    -1.5998    34.6261      2.116    27.8713  1027.8816  0.000e+00
  72000.000    -1.6790    34.6463      2.114    27.8901  1027.9004  0.000e+00
  73200.000    -1.6072    34.6223      2.118    27.8685  1027.8788  0.000e+00
  74400.000    -1.6598    34.6177      2.118    27.8663  1027.8766  0.000e+00
  75600.000    -1.6026    34.6339      2.120    27.8777  1027.8880  0.000e+00
  76800.000    -1.5797    34.6372      2.120    27.8797  1027.8900  0.000e+00
  78000.000    -1.5768    34.6377      2.120    27.8800  1027.8903  0.000e+00
  79200.000    -1.5837    34.6454      2.121    27.8865  1027.8968  0.000e+00
  80400.000    -1.5809    34.6448      2.121    27.8859  1027.8962  0.000e+00
  81600.000    -1.5829    34.6463      2.120    27.8872  1027.8975  0.000e+00
  82800.000    -1.6072    34.6404      2.120    27.8832  1027.8935  0.000e+00
  84000.000    -1.5879    34.6412      2.125    27.8832  1027.8935  0.000e+00
  85200.000    -1.5854    34.6447      2.127    27.8859  1027.8963  0.000e+00
  86400.000    -1.5852    34.6463      2.128    27.8872  1027.8976  0.000e+00
  87600.000    -1.5871    34.6499      2.132    27.8903  1027.9006  0.000e+00
  88800.000    -1.5873    34.6506      2.132    27.8909  1027.9012  0.000e+00
  90000.000    -1.5958    34.6423      2.130    27.8844  1027.8947  0.000e+00
  91200.000    -1.5963    34.6464      2.134    27.8877  1027.8981  0.000e+00
  92400.000    -1.6436    34.6327      2.132    27.8780  1027.8884  0.000e+00
  93600.000    -1.6378    34.6309      2.131    27.8763  1027.8867  0.000e+00
  94800.000    -1.6357    34.6278      2.132    27.8737  1027.8841  0.000e+00
  96000.000    -1.6584    34.6190      2.132    27.8673  1027.8777  0.000e+00
  97200.000    -1.6503    34.6211      2.134    27.8687  1027.8791  0.000e+00
  98400.000    -1.6397    34.6247      2.132    27.8714  1027.8818  0.000e+00
  99600.000    -1.6498    34.6227      2.130    27.8700  1027.8804  0.000e+00
 100800.000    -1.6477    34.6226      2.131    27.8699  1027.8802  0.000e+00
 102000.000    -1.6434    34.6246      2.132    27.8714  1027.8818  0.000e+00
 103200.000    -1.6438    34.6269      2.134    27.8733  1027.8837  0.000e+00
 104400.000    -1.6390    34.6300      2.134    27.8757  1027.8861  0.000e+00
 105600.000    -1.6387    34.6286      2.132    27.8745  1027.8849  0.000e+00
 106800.000    -1.6261    34.6343      2.132    27.8788  1027.8892  0.000e+00
 108000.000    -1.6285    34.6441      2.132    27.8868  1027.8972  0.000e+00
 109200.000    -1.6291    34.6399      2.136    27.8834  1027.8938  0.000e+00
 110400.000    -1.6390    34.6567      2.132    27.8973  1027.9077  0.000e+00
 111600.000    -1.6321    34.6429      2.132    27.8859  1027.8963  0.000e+00
 112800.000    -1.6332    34.6402      2.134    27.8838  1027.8942  0.000e+00
 114000.000    -1.6378    34.6473      2.134    27.8897  1027.9001  0.000e+00
 115200.000    -1.6323    34.6467      2.132    27.8890  1027.8994  0.000e+00
 116400.000    -1.6119    34.6557      2.136    27.8957  1027.9061  0.000e+00
 117600.000    -1.6136    34.6609      2.136    27.9000  1027.9104  0.000e+00
 118800.000    -1.6111    34.6512      2.134    27.8921  1027.9025  0.000e+00
 120000.000    -1.6278    34.6714      2.134    27.9090  1027.9194  0.000e+00
 121200.000    -1.6375    34.6565      2.132    27.8971  1027.9075  0.000e+00
 122400.000    -1.6824    34.6531      2.131    27.8957  1027.9061  0.000e+00
 123600.000    -1.6681    34.6408      2.129    27.8853  1027.8956  0.000e+00
 124800.000    -1.6776    34.6409      2.129    27.8856  1027.8960  0.000e+00
 126000.000    -1.6792    34.6406      2.129    27.8855  1027.8958  0.000e+00
 127200.000    -1.6852    34.6400      2.129    27.8851  1027.8955  0.000e+00
 128400.000    -1.6914    34.6492      2.127    27.8928  1027.9032  0.000e+00
 129600.000    -1.6831    34.6558      2.125    27.8979  1027.9083  0.000e+00
 130800.000    -1.6914    34.6512      2.124    27.8944  1027.9048  0.000e+00
 132000.000    -1.7063    34.6483      2.122    27.8925  1027.9028  0.000e+00
 133200.000    -1.6970    34.6493      2.118    27.8931  1027.9034  0.000e+00
 134400.000    -1.7029    34.6450      2.118    27.8898  1027.9001  0.000e+00
 135600.000    -1.6824    34.6408      2.114    27.8857  1027.8960  0.000e+00
 136800.000    -1.7081    34.6428      2.113    27.8881  1027.8984  0.000e+00
 138000.000    -1.7016    34.6409      2.115    27.8864  1027.8967  0.000e+00
 139200.000    -1.6918    34.6405      2.107    27.8857  1027.8960  0.000e+00
 140400.000    -1.6926    34.6454      2.104    27.8898  1027.9000  0.000e+00
 141600.000    -1.6903    34.6468      2.102    27.8908  1027.9011  0.000e+00
 142800.000    -1.6888    34.6463      2.096    27.8904  1027.9006  0.000e+00
 144000.000    -1.6923    34.6449      2.097    27.8893  1027.8995  0.000e+00
 145200.000    -1.7034    34.6454      2.091    27.8901  1027.9003  0.000e+00
 146400.000    -1.6949    34.6431      2.087    27.8880  1027.8981  0.000e+00
 147600.000    -1.6739    34.6462      2.080    27.8898  1027.9000  0.000e+00
 148800.000    -1.6800    34.6496      2.077    27.8928  1027.9029  0.000e+00
 150000.000    -1.6988    34.6548      2.073    27.8976  1027.9077  0.000e+00
 151200.000    -1.6933    34.6599      2.073    27.9015  1027.9116  0.000e+00
 152400.000    -1.7003    34.6599      2.066    27.9018  1027.9118  0.000e+00
 153600.000    -1.6797    34.6527      2.066    27.8953  1027.9054  0.000e+00
 154800.000    -1.6892    34.6544      2.057    27.8970  1027.9070  0.000e+00
 156000.000    -1.6862    34.6571      2.057    27.8991  1027.9091  0.000e+00
 157200.000    -1.7039    34.6521      2.051    27.8955  1027.9055  0.000e+00
 158400.000    -1.7244    34.6480      2.044    27.8928  1027.9028  0.000e+00
 159600.000    -1.7308    34.6462      2.044    27.8916  1027.9015  0.000e+00
 160800.000    -1.7218    34.6484      2.039    27.8931  1027.9030  0.000e+00
 162000.000    -1.6369    34.6320      2.033    27.8772  1027.8871  0.000e+00
 163200.000    -1.6406    34.6654      2.027    27.9045  1027.9143  0.000e+00
 164400.000    -1.5812    34.6705      2.023    27.9068  1027.9167  0.000e+00
 165600.000    -1.5316    34.6628      2.020    27.8990  1027.9088  0.000e+00
 166800.000    -1.5013    34.6718      2.014    27.9053  1027.9151  0.000e+00
 168000.000    -1.5144    34.6718      2.010    27.9058  1027.9155  0.000e+00
 169200.000    -1.5508    34.6759      2.007    27.9103  1027.9200  0.000e+00
 170400.000    -1.5517    34.6730      2.003    27.9079  1027.9177  0.000e+00
 171600.000    -1.5533    34.6710      2.002    27.9063  1027.9161  0.000e+00
 172800.000    -1.5688    34.6726      2.000    27.9081  1027.9178  0.000e+00
 174000.000    -1.5798    34.6702      2.000    27.9065  1027.9162  0.000e+00
 175200.000    -1.5639    34.6713      2.003    27.9069  1027.9166  0.000e+00
 176400.000    -1.5756    34.6714      2.001    27.9074  1027.9171  0.000e+00
 177600.000    -1.5816    34.6739      1.996    27.9095  1027.9193  0.000e+00
 178800.000    -1.5823    34.6697      2.000    27.9062  1027.9159  0.000e+00
 180000.000    -1.5397    34.6987      1.998    27.9284  1027.9381  0.000e+00
 181200.000    -1.5513    34.6938      2.001    27.9248  1027.9346  0.000e+00
 182400.000    -1.6042    34.6703      2.000    27.9074  1027.9171  0.000e+00
 183600.000    -1.6189    34.6616      1.998    27.9007  1027.9105  0.000e+00
 184800.000    -1.6048    34.6541      1.998    27.8942  1027.9040  0.000e+00
 186000.000    -1.5619    34.6703      2.000    27.9061  1027.9158  0.000e+00
 187200.000    -1.5321    34.6700      2.000    27.9049  1027.9146  0.000e+00
 188400.000    -1.5196    34.6720      2.003    27.9061  1027.9158  0.000e+00
 189600.000    -1.5800    34.6685      2.000    27.9051  1027.9149  0.000e+00
 190800.000    -1.6551    34.6630      2.000    27.9030  1027.9127  0.000e+00
 192000.000    -1.6306    34.6671      2.002    27.9056  1027.9153  0.000e+00
 193200.000    -1.6405    34.6595      2.000    27.8997  1027.9094  0.000e+00
 194400.000    -1.6009    34.6532      2.002    27.8934  1027.9031  0.000e+00
 195600.000    -1.6175    34.6597      2.004    27.8992  1027.9089  0.000e+00
 196800.000    -1.5532    34.6628      2.001    27.8997  1027.9094  0.000e+00
 198000.000    -1.4753    34.6664      2.003    27.9002  1027.9099  0.000e+00
 199200.000    -1.5655    34.6936      1.999    27.9251  1027.9348  0.000e+00
 200400.000    -1.5367    34.6773      2.001    27.9109  1027.9207  0.000e+00
 201600.000    -1.5501    34.6741      2.001    27.9087  1027.9185  0.000e+00
 202800.000    -1.5596    34.6753      2.005    27.9101  1027.9198  0.000e+00
 204000.000    -1.5855    34.6780      2.003    27.9130  1027.9228  0.000e+00
 205200.000    -1.5318    34.6628      2.001    27.8990  1027.9088  0.000e+00
 206400.000    -1.5768    34.6667      2.000    27.9036  1027.9133  0.000e+00
 207600.000    -1.6064    34.6636      2.000    27.9020  1027.9117  0.000e+00
 208800.000    -1.5369    34.6580      2.001    27.8953  1027.9050  0.000e+00
 210000.000    -1.6278    34.6717      2.002    27.9092  1027.9189  0.000e+00
 211200.000    -1.6018    34.6557      2.002    27.8954  1027.9051  0.000e+00
 212400.000    -1.6102    34.6659      2.001    27.9040  1027.9137  0.000e+00
 213600.000    -1.5997    34.6632      2.000    27.9014  1027.9112  0.000e+00
 214800.000    -1.5812    34.6585      1.998    27.8971  1027.9068  0.000e+00
 216000.000    -1.5959    34.6600      1.998    27.8987  1027.9084  0.000e+00
 217200.000    -1.5449    34.6626      2.000    27.8993  1027.9090  0.000e+00
 218400.000    -1.5514    34.6593      2.000    27.8968  1027.9065  0.000e+00
 219600.000    -1.5631    34.6589      1.998    27.8968  1027.9066  0.000e+00
 220800.000    -1.5551    34.6497      2.001    27.8891  1027.8988  0.000e+00
 222000.000    -1.5581    34.6510      2.000    27.8902  1027.9000  0.000e+00
 223200.000    -1.5539    34.6489      2.001    27.8884  1027.8981  0.000e+00
 224400.000    -1.5430    34.6495      2.003    27.8885  1027.8983  0.000e+00
 225600.000    -1.5351    34.6496      2.001    27.8884  1027.8981  0.000e+00
 226800.000    -1.4681    34.6389      2.003    27.8776  1027.8873  0.000e+00
 228000.000    -1.4904    34.6529      2.003    27.8896  1027.8994  0.000e+00
 229200.000    -1.4965    34.6568      2.003    27.8930  1027.9028  0.000e+00
 230400.000    -1.5181    34.6480      2.003    27.8866  1027.8963  0.000e+00
 231600.000    -1.4922    34.6412      2.003    27.8802  1027.8899  0.000e+00
 232800.000    -1.5501    34.6534      2.003    27.8919  1027.9017  0.000e+00
 234000.000    -1.5464    34.6486      2.003    27.8879  1027.8977  0.000e+00
 235200.000    -1.5248    34.6449      2.003    27.8842  1027.8940  0.000e+00
 236400.000    -1.4816    34.6421      2.008    27.8806  1027.8903  0.000e+00
 237600.000    -1.5563    34.6595      2.003    27.8971  1027.9069  0.000e+00
 238800.000    -1.4989    34.6501      2.003    27.8876  1027.8974  0.000e+00
 240000.000    -1.5492    34.6567      2.005    27.8946  1027.9043  0.000e+00
 241200.000    -1.5142    34.6713      2.010    27.9054  1027.9152  0.000e+00
 242400.000    -2.3974     0.0000     -0.465    -0.3740   999.6235  0.000e+00
 243600.000    -4.6955     0.0000     -0.485    -0.6881   999.3094  0.000e+00
 244800.000    -3.4793     0.0000     -0.476    -0.5084   999.4891  0.000e+00
