Seabird5453.asc
* Sea-Bird SBE37 Data File:
* FileName = C:\Users\Marcos\Documents\Ekman2026\Seabird\Seabird5453.asc
* Software Version 1.59
* Temperature SN = 5453
* Conductivity SN = 5453
* System UpLoad Time = Mar 21 2026 13:35:40
** Station
** Latitude
** Longitude
** Date
** Depth
*END*
start time =  18 Mar 2026  13:00:01
sample interval = 1200 seconds
start sample number = 1
  0.2765,-0.00006,   -0.755, 18 Mar 2026, 13:00:01
 -0.1892, 0.00003,   -0.765, 18 Mar 2026, 13:20:01
 -1.7240, 2.71430,    8.847, 18 Mar 2026, 13:40:01
 -1.6650, 2.72717,    8.858, 18 Mar 2026, 14:00:01
 -1.6943, 2.72805,    8.858, 18 Mar 2026, 14:20:00
 -1.6213, 2.73819,    8.858, 18 Mar 2026, 14:40:00
 -1.6253, 2.73946,    8.847, 18 Mar 2026, 15:00:00
 -1.6224, 2.74072,    8.847, 18 Mar 2026, 15:20:00
 -1.6456, 2.73963,    8.847, 18 Mar 2026, 15:40:00
 -1.6425, 2.74024,    8.847, 18 Mar 2026, 16:00:00
 -1.6446, 2.73997,    8.847, 18 Mar 2026, 16:20:00
 -1.6613, 2.73911,    8.836, 18 Mar 2026, 16:40:00
 -1.6496, 2.73961,    8.847, 18 Mar 2026, 17:00:00
 -1.6565, 2.73883,    8.836, 18 Mar 2026, 17:20:00
 -1.6704, 2.73837,    8.836, 18 Mar 2026, 17:40:00
 -1.6824, 2.73812,    8.836, 18 Mar 2026, 18:00:00
 -1.7009, 2.73682,    8.836, 18 Mar 2026, 18:20:00
 -1.6658, 2.73774,    8.826, 18 Mar 2026, 18:40:00
 -1.6576, 2.73963,    8.826, 18 Mar 2026, 19:00:00
 -1.7168, 2.73574,    8.826, 18 Mar 2026, 19:20:00
 -1.6389, 2.74253,    8.826, 18 Mar 2026, 19:40:00
 -1.6135, 2.74316,    8.826, 18 Mar 2026, 20:00:00
 -1.5927, 2.74578,    8.826, 18 Mar 2026, 20:20:00
 -1.6015, 2.74346,    8.815, 18 Mar 2026, 20:40:00
 -1.6339, 2.74149,    8.815, 18 Mar 2026, 21:00:00
 -1.7217, 2.73687,    8.815, 18 Mar 2026, 21:20:00
 -1.7270, 2.73476,    8.815, 18 Mar 2026, 21:40:00
 -1.7357, 2.73402,    8.815, 18 Mar 2026, 22:00:00
 -1.7326, 2.73408,    8.815, 18 Mar 2026, 22:20:00
 -1.7389, 2.73350,    8.805, 18 Mar 2026, 22:40:00
 -1.7343, 2.73369,    8.805, 18 Mar 2026, 23:00:00
 -1.6996, 2.73459,    8.805, 18 Mar 2026, 23:20:00
 -1.7356, 2.73328,    8.805, 18 Mar 2026, 23:40:00
 -1.7342, 2.73463,    8.805, 19 Mar 2026, 00:00:00
 -1.7316, 2.73363,    8.805, 19 Mar 2026, 00:20:00
 -1.7210, 2.73485,    8.805, 19 Mar 2026, 00:40:01
 -1.7008, 2.73542,    8.805, 19 Mar 2026, 01:00:01
 -1.6820, 2.73870,    8.805, 19 Mar 2026, 01:20:01
 -1.7123, 2.73525,    8.805, 19 Mar 2026, 01:40:01
 -1.6431, 2.73937,    8.805, 19 Mar 2026, 02:00:01
 -1.6410, 2.73964,    8.805, 19 Mar 2026, 02:20:01
 -1.7120, 2.73584,    8.805, 19 Mar 2026, 02:40:00
 -1.6184, 2.74188,    8.805, 19 Mar 2026, 03:00:00
 -1.6236, 2.74215,    8.805, 19 Mar 2026, 03:20:00
 -1.6132, 2.74317,    8.805, 19 Mar 2026, 03:40:00
 -1.6119, 2.74324,    8.805, 19 Mar 2026, 04:00:00
 -1.6308, 2.74137,    8.805, 19 Mar 2026, 04:20:00
 -1.6205, 2.74213,    8.815, 19 Mar 2026, 04:40:00
 -1.6208, 2.74172,    8.805, 19 Mar 2026, 05:00:00
 -1.6151, 2.74261,    8.815, 19 Mar 2026, 05:20:00
 -1.6245, 2.74211,    8.815, 19 Mar 2026, 05:40:00
 -1.6612, 2.73879,    8.815, 19 Mar 2026, 06:00:00
 -1.6447, 2.74104,    8.815, 19 Mar 2026, 06:20:00
 -1.6196, 2.74239,    8.815, 19 Mar 2026, 06:40:00
 -1.6471, 2.74034,    8.815, 19 Mar 2026, 07:00:00
 -1.6257, 2.74253,    8.815, 19 Mar 2026, 07:20:00
 -1.6350, 2.73997,    8.815, 19 Mar 2026, 07:40:00
 -1.6405, 2.74134,    8.815, 19 Mar 2026, 08:00:00
 -1.6237, 2.73917,    8.815, 19 Mar 2026, 08:20:00
 -1.6249, 2.74040,    8.815, 19 Mar 2026, 08:40:00
 -1.6365, 2.73788,    8.815, 19 Mar 2026, 09:00:00
 -1.7382, 2.73368,    8.826, 19 Mar 2026, 09:20:00
 -1.7058, 2.73611,    8.826, 19 Mar 2026, 09:40:00
 -1.7137, 2.73553,    8.826, 19 Mar 2026, 10:00:00
 -1.7003, 2.73682,    8.826, 19 Mar 2026, 10:20:00
 -1.6750, 2.73875,    8.826, 19 Mar 2026, 10:40:00
 -1.6804, 2.73897,    8.826, 19 Mar 2026, 11:00:00
 -1.6797, 2.73884,    8.826, 19 Mar 2026, 11:20:00
 -1.7126, 2.73781,    8.826, 19 Mar 2026, 11:40:00
 -1.6543, 2.74044,    8.836, 19 Mar 2026, 12:00:00
 -1.6795, 2.73934,    8.836, 19 Mar 2026, 12:20:00
 -1.6792, 2.73900,    8.836, 19 Mar 2026, 12:40:00
 -1.6773, 2.73904,    8.847, 19 Mar 2026, 13:00:01
 -1.6529, 2.73973,    8.836, 19 Mar 2026, 13:20:01
 -1.6708, 2.73900,    8.847, 19 Mar 2026, 13:40:01
 -1.6176, 2.74111,    8.847, 19 Mar 2026, 14:00:01
 -1.5988, 2.74320,    8.847, 19 Mar 2026, 14:20:01
 -1.6058, 2.74330,    8.847, 19 Mar 2026, 14:40:01
 -1.6434, 2.73984,    8.847, 19 Mar 2026, 15:00:00
 -1.6709, 2.73930,    8.847, 19 Mar 2026, 15:20:00
 -1.6591, 2.73917,    8.847, 19 Mar 2026, 15:40:00
 -1.6734, 2.73928,    8.847, 19 Mar 2026, 16:00:00
 -1.6372, 2.74053,    8.847, 19 Mar 2026, 16:20:00
 -1.6437, 2.73933,    8.847, 19 Mar 2026, 16:40:00
 -1.6341, 2.73958,    8.847, 19 Mar 2026, 17:00:00
 -1.6318, 2.74039,    8.847, 19 Mar 2026, 17:20:00
 -1.6540, 2.73974,    8.847, 19 Mar 2026, 17:40:00
 -1.6412, 2.73920,    8.847, 19 Mar 2026, 18:00:00
 -1.6431, 2.74023,    8.847, 19 Mar 2026, 18:20:00
 -1.6768, 2.73904,    8.847, 19 Mar 2026, 18:40:00
 -1.6598, 2.73953,    8.847, 19 Mar 2026, 19:00:00
 -1.6647, 2.73923,    8.847, 19 Mar 2026, 19:20:00
 -1.6639, 2.73930,    8.847, 19 Mar 2026, 19:40:00
 -1.6613, 2.73960,    8.847, 19 Mar 2026, 20:00:00
 -1.6510, 2.74003,    8.847, 19 Mar 2026, 20:20:00
 -1.6676, 2.73881,    8.847, 19 Mar 2026, 20:40:00
 -1.6653, 2.73868,    8.847, 19 Mar 2026, 21:00:00
 -1.6943, 2.73779,    8.847, 19 Mar 2026, 21:20:00
 -1.6867, 2.73768,    8.847, 19 Mar 2026, 21:40:00
 -1.6848, 2.73948,    8.847, 19 Mar 2026, 22:00:00
 -1.7154, 2.73769,    8.847, 19 Mar 2026, 22:20:00
 -1.7247, 2.73585,    8.847, 19 Mar 2026, 22:40:00
 -1.6874, 2.73774,    8.847, 19 Mar 2026, 23:00:00
 -1.6914, 2.73696,    8.836, 19 Mar 2026, 23:20:00
 -1.6930, 2.73694,    8.836, 19 Mar 2026, 23:40:00
 -1.7006, 2.73703,    8.836, 20 Mar 2026, 00:00:00
 -1.6820, 2.73796,    8.836, 20 Mar 2026, 00:20:00
 -1.7131, 2.73567,    8.836, 20 Mar 2026, 00:40:00
 -1.6837, 2.73728,    8.836, 20 Mar 2026, 01:00:00
 -1.6779, 2.73803,    8.836, 20 Mar 2026, 01:20:01
 -1.6726, 2.73860,    8.836, 20 Mar 2026, 01:40:01
 -1.6715, 2.73878,    8.826, 20 Mar 2026, 02:00:01
 -1.6765, 2.73837,    8.826, 20 Mar 2026, 02:20:01
 -1.6670, 2.73781,    8.826, 20 Mar 2026, 02:40:01
 -1.6552, 2.73855,    8.826, 20 Mar 2026, 03:00:01
 -1.6891, 2.73538,    8.826, 20 Mar 2026, 03:20:00
 -1.6657, 2.73654,    8.815, 20 Mar 2026, 03:40:00
 -1.6551, 2.73672,    8.815, 20 Mar 2026, 04:00:00
 -1.6653, 2.73635,    8.815, 20 Mar 2026, 04:20:00
 -1.6521, 2.73755,    8.805, 20 Mar 2026, 04:40:00
 -1.6443, 2.73887,    8.805, 20 Mar 2026, 05:00:00
 -1.6687, 2.73633,    8.805, 20 Mar 2026, 05:20:00
 -1.6832, 2.73536,    8.794, 20 Mar 2026, 05:40:00
 -1.6999, 2.73379,    8.794, 20 Mar 2026, 06:00:00
 -1.6925, 2.73433,    8.794, 20 Mar 2026, 06:20:00
 -1.6767, 2.73465,    8.784, 20 Mar 2026, 06:40:00
 -1.6590, 2.73831,    8.784, 20 Mar 2026, 07:00:00
 -1.6992, 2.73657,    8.773, 20 Mar 2026, 07:20:00
 -1.6882, 2.73701,    8.773, 20 Mar 2026, 07:40:00
 -1.6797, 2.73798,    8.762, 20 Mar 2026, 08:00:00
 -1.6596, 2.73950,    8.762, 20 Mar 2026, 08:20:00
 -1.6304, 2.74142,    8.762, 20 Mar 2026, 08:40:00
 -1.5132, 2.74894,    8.762, 20 Mar 2026, 09:00:00
 -1.5425, 2.75257,    8.752, 20 Mar 2026, 09:20:00
 -1.5234, 2.75031,    8.752, 20 Mar 2026, 09:40:00
 -1.4726, 2.75628,    8.741, 20 Mar 2026, 10:00:00
 -1.4708, 2.75551,    8.741, 20 Mar 2026, 10:20:00
 -1.4603, 2.75648,    8.741, 20 Mar 2026, 10:40:00
 -1.4595, 2.75673,    8.731, 20 Mar 2026, 11:00:00
 -1.4580, 2.75683,    8.731, 20 Mar 2026, 11:20:00
 -1.5161, 2.75318,    8.731, 20 Mar 2026, 11:40:00
 -1.4963, 2.75469,    8.720, 20 Mar 2026, 12:00:00
 -1.4930, 2.75543,    8.709, 20 Mar 2026, 12:20:00
 -1.4897, 2.75344,    8.709, 20 Mar 2026, 12:40:00
 -1.4843, 2.75591,    8.709, 20 Mar 2026, 13:00:00
 -1.4966, 2.75567,    8.709, 20 Mar 2026, 13:20:01
 -1.4968, 2.75453,    8.720, 20 Mar 2026, 13:40:01
 -1.4874, 2.75585,    8.720, 20 Mar 2026, 14:00:01
 -1.5305, 2.75124,    8.699, 20 Mar 2026, 14:20:01
 -1.5460, 2.74801,    8.720, 20 Mar 2026, 14:40:01
 -1.5495, 2.74940,    8.709, 20 Mar 2026, 15:00:01
 -1.5484, 2.75024,    8.720, 20 Mar 2026, 15:20:00
 -1.5515, 2.75087,    8.720, 20 Mar 2026, 15:40:00
 -1.5520, 2.74940,    8.709, 20 Mar 2026, 16:00:00
 -1.5112, 2.75288,    8.709, 20 Mar 2026, 16:20:00
 -1.5056, 2.75308,    8.709, 20 Mar 2026, 16:40:00
 -1.4756, 2.75553,    8.720, 20 Mar 2026, 17:00:00
 -1.4838, 2.75478,    8.720, 20 Mar 2026, 17:20:00
 -1.4921, 2.75413,    8.720, 20 Mar 2026, 17:40:00
 -1.5034, 2.75339,    8.709, 20 Mar 2026, 18:00:00
 -1.4876, 2.75406,    8.720, 20 Mar 2026, 18:20:00
 -1.5075, 2.75281,    8.720, 20 Mar 2026, 18:40:00
 -1.5417, 2.74925,    8.720, 20 Mar 2026, 19:00:00
 -1.5250, 2.75112,    8.720, 20 Mar 2026, 19:20:00
 -1.5145, 2.75201,    8.720, 20 Mar 2026, 19:40:00
 -1.5073, 2.75324,    8.720, 20 Mar 2026, 20:00:00
 -1.5024, 2.75311,    8.720, 20 Mar 2026, 20:20:00
 -1.5108, 2.75199,    8.720, 20 Mar 2026, 20:40:00
 -1.5080, 2.75184,    8.720, 20 Mar 2026, 21:00:00
 -1.5308, 2.75145,    8.720, 20 Mar 2026, 21:20:00
 -1.5331, 2.75131,    8.720, 20 Mar 2026, 21:40:00
 -1.5368, 2.75096,    8.720, 20 Mar 2026, 22:00:00
 -1.5445, 2.75003,    8.720, 20 Mar 2026, 22:20:00
 -1.5200, 2.75156,    8.720, 20 Mar 2026, 22:40:00
 -1.5003, 2.75299,    8.720, 20 Mar 2026, 23:00:00
 -1.5184, 2.75291,    8.720, 20 Mar 2026, 23:20:00
 -1.4729, 2.75572,    8.720, 20 Mar 2026, 23:40:00
 -1.4803, 2.75465,    8.720, 21 Mar 2026, 00:00:00
 -1.4985, 2.75381,    8.720, 21 Mar 2026, 00:20:00
 -1.4997, 2.75404,    8.709, 21 Mar 2026, 00:40:00
 -1.5249, 2.75015,    8.720, 21 Mar 2026, 01:00:00
 -1.5226, 2.75194,    8.709, 21 Mar 2026, 01:20:00
 -1.5020, 2.75191,    8.709, 21 Mar 2026, 01:40:00
 -1.5600, 2.75091,    8.720, 21 Mar 2026, 02:00:01
 -1.5354, 2.75048,    8.709, 21 Mar 2026, 02:20:01
 -1.4781, 2.75361,    8.720, 21 Mar 2026, 02:40:01
 -1.5322, 2.75068,    8.720, 21 Mar 2026, 03:00:01
 -1.5413, 2.75080,    8.720, 21 Mar 2026, 03:20:01
 -1.5147, 2.75253,    8.720, 21 Mar 2026, 03:40:01
 -1.5073, 2.75272,    8.720, 21 Mar 2026, 04:00:00
 -1.5831, 2.74747,    8.709, 21 Mar 2026, 04:20:00
 -1.5302, 2.74972,    8.709, 21 Mar 2026, 04:40:00
 -1.4722, 2.75254,    8.720, 21 Mar 2026, 05:00:00
 -1.4723, 2.75456,    8.720, 21 Mar 2026, 05:20:00
 -1.5500, 2.75007,    8.720, 21 Mar 2026, 05:40:00
 -1.5694, 2.74611,    8.720, 21 Mar 2026, 06:00:00
 -1.5924, 2.74497,    8.720, 21 Mar 2026, 06:20:00
 -1.6020, 2.74343,    8.720, 21 Mar 2026, 06:40:00
 -1.5887, 2.74349,    8.720, 21 Mar 2026, 07:00:00
 -1.5642, 2.74608,    8.720, 21 Mar 2026, 07:20:00
 -1.5559, 2.74771,    8.720, 21 Mar 2026, 07:40:00
 -1.5680, 2.74669,    8.720, 21 Mar 2026, 08:00:00
 -2.7385, 0.00005,   -0.935, 21 Mar 2026, 08:20:00
 -4.2086, 0.00005,   -0.935, 21 Mar 2026, 08:40:00
 -3.9611, 0.00009,   -0.913, 21 Mar 2026, 09:00:00
  4.9450, 0.00026,   -0.924, 21 Mar 2026, 09:20:00
  5.6762, 0.00014,   -0.903, 21 Mar 2026, 09:40:00
  6.2480, 0.00009,   -0.924, 21 Mar 2026, 10:00:00
  6.1134, 0.00007,   -0.924, 21 Mar 2026, 10:20:00
  5.4948, 0.00004,   -0.924, 21 Mar 2026, 10:40:00
  5.0942, 0.00002,   -0.924, 21 Mar 2026, 11:00:00
  1.0683,-0.00014,   -0.903, 21 Mar 2026, 11:20:00
  3.8000, 0.00000,   -0.935, 21 Mar 2026, 11:40:00
  3.8590, 0.00001,   -0.935, 21 Mar 2026, 12:00:00
  3.5972, 0.00001,   -0.945, 21 Mar 2026, 12:20:00
  3.6757, 0.00002,   -0.945, 21 Mar 2026, 12:40:00
  3.5198, 0.00002,   -0.935, 21 Mar 2026, 13:00:00
